 BACKWARD DIFFERENCE TABLE

     1.0     106500.00       6920.00        450.00         10.00         30.00
     2.0     113420.00       7370.00        460.00         40.00
     3.0     120790.00       7830.00        500.00
     4.0     128620.00       8330.00
     5.0     136950.00
     1.0     106500.00
     2.0     113420.00       6920.00
     3.0     120790.00       7370.00        450.00
     4.0     128620.00       7830.00        460.00         10.00
     5.0     136950.00       8330.00        500.00         40.00         30.00

 p = -0.500000000    
 Maturity value at 4.5 years = Tk.   132718.828    
