  0.68681633E+00  0.23898107E+00  0.19005537E-01  0.84021908E+00  0.42124850E+00  0.50817758E+00  0.84623414E+00
  0.12005579E+00  0.93745244E+00  0.79373926E+00  0.33085167E+00  0.39355427E+00  0.99261683E+00  0.85486126E+00
  0.42681020E+00  0.64182544E+00  0.55200398E-01  0.75666624E+00  0.82999742E+00  0.14468873E+00  0.15278542E+00
  0.72717768E+00  0.28696769E+00  0.18485659E+00  0.44945174E+00  0.41448808E+00  0.98747349E+00  0.94371027E+00
  0.50448179E-02  0.61066419E+00  0.79257548E+00  0.87676632E+00  0.94941270E+00  0.25312781E+00  0.18534899E+00
  0.18102050E+00  0.69517922E+00  0.44977665E-03  0.72851181E-01  0.75292617E+00  0.94615507E+00  0.23002052E+00
  0.66585404E+00  0.99968243E+00  0.20136243E+00  0.78054678E+00  0.76865816E+00  0.83009630E+00  0.34901816E+00

Mean =   0.53331995E+00
Maximum =   0.99968243E+00
Minimum =   0.44977665E-03
