  6.8681633E-01  2.3898107E-01  1.9005537E-02  8.4021908E-01  4.2124850E-01  5.0817758E-01  8.4623414E-01
  1.2005579E-01  9.3745244E-01  7.9373926E-01  3.3085167E-01  3.9355427E-01  9.9261683E-01  8.5486126E-01
  4.2681020E-01  6.4182544E-01  5.5200398E-02  7.5666624E-01  8.2999742E-01  1.4468873E-01  1.5278542E-01
  7.2717768E-01  2.8696769E-01  1.8485659E-01  4.4945174E-01  4.1448808E-01  9.8747349E-01  9.4371027E-01
  5.0448179E-03  6.1066419E-01  7.9257548E-01  8.7676632E-01  9.4941270E-01  2.5312781E-01  1.8534899E-01
  1.8102050E-01  6.9517922E-01  4.4977665E-04  7.2851181E-02  7.5292617E-01  9.4615507E-01  2.3002052E-01
  6.6585404E-01  9.9968243E-01  2.0136243E-01  7.8054678E-01  7.6865816E-01  8.3009630E-01  3.4901816E-01

Mean =   5.3331995E-01
Maximum =   9.9968243E-01
Minimum =   4.4977665E-04
