  0.6868163347  0.2389810681  0.0190055370  0.8402190804  0.4212484956  0.5081775784  0.8462341428
  0.1200557947  0.9374524355  0.7937392592  0.3308516741  0.3935542703  0.9926168323  0.8548612595
  0.4268102050  0.6418254375  0.0552003980  0.7566662431  0.8299974203  0.1446887255  0.1527854204
  0.7271776795  0.2869676948  0.1848565936  0.4494517446  0.4144880772  0.9874734879  0.9437102675
  0.0050448179  0.6106641889  0.7925754786  0.8767663240  0.9494127035  0.2531278133  0.1853489876
  0.1810204983  0.6951792240  0.0004497766  0.0728511810  0.7529261708  0.9461550713  0.2300205231
  0.6658540368  0.9996824265  0.2013624310  0.7805467844  0.7686581612  0.8300963044  0.3490181565

Mean =   0.5333199501
Maximum =   0.9996824265
Minimum =   0.0004497766
