 (           1 )
   Iteration No.            Pn-1              pn      |Pn-Pn-1|/|Pn|
               1        0.000000        0.500000            1.000000
               2        0.500000        0.610060            0.180408
               3        0.610060        0.618997            0.014438
               4        0.618997        0.619061            0.000104
               5        0.619061        0.619061            0.000000
 (           2 )
   Iteration No.            Pn-1              pn      |Pn-Pn-1|/|Pn|
               1       -1.000000        0.279531            4.577424
               2        0.279531        0.568007            0.507875
               3        0.568007        0.617167            0.079654
               4        0.617167        0.619058            0.003055
               5        0.619058        0.619061            0.000005
 (           3 )
   Iteration No.            Pn-1              pn      |Pn-Pn-1|/|Pn|
               1        2.000000        1.683518            0.187988
               2        1.683518        1.543482            0.090728
               3        1.543482        1.513489            0.019817
               4        1.513489        1.512137            0.000894
               5        1.512137        1.512134            0.000002
 (           4 )
   Iteration No.            Pn-1              pn      |Pn-Pn-1|/|Pn|
               1       -2.500000        0.098460           26.391094
               2        0.098460        0.524549            0.812296
               3        0.524549        0.613116            0.144454
               4        0.613116        0.619033            0.009559
               5        0.619033        0.619061            0.000046
